506 1
15.2 
42.3 
50.0 
21.1 
17.7 
18.5 
11.3 
15.6 
15.6 
14.4 
12.1 
17.9 
23.1 
19.9 
15.7 
8.8 
50.0 
22.5 
24.1 
27.5 
10.9 
30.8 
32.9 
24.0 
18.5 
13.3 
22.9 
34.7 
16.6 
17.5 
22.3 
16.1 
14.9 
23.1 
34.9 
25.0 
13.9 
13.1 
20.4 
20.0 
15.2 
24.7 
22.2 
16.7 
12.7 
15.6 
18.4 
21.0 
30.1 
15.1 
18.7 
9.6 
31.5 
24.8 
19.1 
22.0 
14.5 
11.0 
32.0 
29.4 
20.3 
24.4 
14.6 
19.5 
14.1 
14.3 
15.6 
10.5 
6.3 
19.3 
19.3 
13.4 
36.4 
17.8 
13.5 
16.5 
8.3 
14.3 
16.0 
13.4 
28.6 
43.5 
20.2 
22.0 
23.0 
20.7 
12.5 
48.5 
14.6 
13.4 
23.7 
50.0 
21.7 
39.8 
38.7 
22.2 
34.9 
22.5 
31.1 
28.7 
46.0 
41.7 
21.0 
26.6 
15.0 
24.4 
13.3 
21.2 
11.7 
21.7 
19.4 
50.0 
22.8 
19.7 
24.7 
36.2 
14.2 
18.9 
18.3 
20.6 
24.6 
18.2 
8.7 
44.0 
10.4 
13.2 
21.2 
37.0 
30.7 
22.9 
20.0 
19.3 
31.7 
32.0 
23.1 
18.8 
10.9 
50.0 
19.6 
5.0 
14.4 
19.8 
13.8 
19.6 
23.9 
24.5 
25.0 
19.9 
17.2 
24.6 
13.5 
26.6 
21.4 
11.9 
22.6 
19.6 
8.5 
23.7 
23.1 
22.4 
20.5 
23.6 
18.4 
35.2 
23.1 
27.9 
20.6 
23.7 
28.0 
13.6 
27.1 
23.6 
20.6 
18.2 
21.7 
17.1 
8.4 
25.3 
13.8 
22.2 
18.4 
20.7 
31.6 
30.5 
20.3 
8.8 
19.2 
19.4 
23.1 
23.0 
14.8 
48.8 
22.6 
33.4 
21.1 
13.6 
32.2 
13.1 
23.4 
18.9 
23.9 
11.8 
23.3 
22.8 
19.6 
16.7 
13.4 
22.2 
20.4 
21.8 
26.4 
14.9 
24.1 
23.8 
12.3 
29.1 
21.0 
19.5 
23.3 
23.8 
17.8 
11.5 
21.7 
19.9 
25.0 
33.4 
28.5 
21.4 
24.3 
27.5 
33.1 
16.2 
23.3 
48.3 
22.9 
22.8 
13.1 
12.7 
22.6 
15.0 
15.3 
10.5 
24.0 
18.5 
21.7 
19.5 
33.2 
23.2 
5.0 
19.1 
12.7 
22.3 
10.2 
13.9 
16.3 
17.0 
20.1 
29.9 
17.2 
37.3 
45.4 
17.8 
23.2 
29.0 
22.0 
18.0 
17.4 
34.6 
20.1 
25.0 
15.6 
24.8 
28.2 
21.2 
21.4 
23.8 
31.0 
26.2 
17.4 
37.9 
17.5 
20.0 
8.3 
23.9 
8.4 
13.8 
7.2 
11.7 
17.1 
21.6 
50.0 
16.1 
20.4 
20.6 
21.4 
20.6 
36.5 
8.5 
24.8 
10.8 
21.9 
17.3 
18.9 
36.2 
14.9 
18.2 
33.3 
21.8 
19.7 
31.6 
24.8 
19.4 
22.8 
7.5 
44.8 
16.8 
18.7 
50.0 
50.0 
19.5 
20.1 
50.0 
17.2 
20.8 
19.3 
41.3 
20.4 
20.5 
13.8 
16.5 
23.9 
20.6 
31.5 
23.3 
16.8 
14.0 
33.8 
36.1 
12.8 
18.3 
18.7 
19.1 
29.0 
30.1 
50.0 
50.0 
22.0 
11.9 
37.6 
50.0 
22.7 
20.8 
23.5 
27.9 
50.0 
19.3 
23.9 
22.6 
15.2 
21.7 
19.2 
43.8 
20.3 
33.2 
19.9 
22.5 
32.7 
22.0 
17.1 
19.0 
15.0 
16.1 
25.1 
23.7 
28.7 
37.2 
22.6 
16.4 
25.0 
29.8 
22.1 
17.4 
18.1 
30.3 
17.5 
24.7 
12.6 
26.5 
28.7 
13.3 
10.4 
24.4 
23.0 
20.0 
17.8 
7.0 
11.8 
24.4 
13.8 
19.4 
25.2 
19.4 
19.4 
29.1 
7.2 
18.8 
19.0 
27.0 
22.2 
24.5 
31.2 
22.9 
20.5 
23.2 
18.6 
14.5 
17.8 
50.0 
20.8 
24.3 
24.2 
19.8 
19.1 
22.7 
12.0 
10.2 
20.0 
18.5 
20.9 
23.0 
27.5 
30.1 
9.5 
22.0 
21.2 
14.1 
33.1 
23.4 
20.1 
7.4 
15.4 
23.8 
20.1 
24.5 
33.0 
28.4 
14.1 
46.7 
32.5 
29.6 
28.4 
19.8 
20.2 
25.0 
35.4 
20.3 
9.7 
14.5 
34.9 
26.6 
7.2 
50.0 
32.4 
21.6 
29.8 
13.1 
27.5 
21.2 
23.1 
21.9 
13.0 
23.2 
8.1 
5.6 
21.7 
29.6 
19.6 
7.0 
26.4 
18.9 
20.9 
28.1 
35.4 
10.2 
24.3 
43.1 
17.6 
15.4 
16.2 
27.1 
21.4 
21.5 
22.4 
25.0 
16.6 
18.6 
22.0 
42.8 
35.1 
21.5 
36.0 
21.9 
24.1 
50.0 
26.7 
25.0 
